annunciation c 0,1,2,3,5,10,12,14,15,17,23,24,25,26,27,34,82,86,88
visitation c 2,4,5,6,8,10,11,49
nativity c 2,5,12,18,19,22,25,26,46,70,96,97,124,134,140,169,188,193
presentation c 1,3,4,5,6,7,11,13,32,33,50,62
finding c 0,1,2,3,4,6,7,8,9,10,11,12,13,14,15,22,23
baptism c 1,2,3,4,5,6,7,10,19,20,29,39
cana c 0,1,4,5,12
proclamation c 1,2,3,5,6,9,10,12,14,15,18,19,20,34,60
transfiguration c 1,2,3,4,11
eucharist c 0,1,2,3,4,5,14,25,29,30,54
agony c 0,1,2,3,4,5,9,16,31
scourging c 0,2,5,10,30,47,62
crowning c 0,1,2,8,9,10,12,41,44,66,130,141
carrying c 0,1,2,3,4,5,6,8,13,14,18,33,36,79
crucifixion c 0,3,4,5,8,10,12,13,15,18,23,24,26,28,30,33,35,36,38
resurrection c 0,1,2,3,6,9,10,11,12,15,16,20,25,26,28,30,33,35
ascension c 0,1,2,4,6,8,9,10,11,14,21,43
pentecost c 0,2,3,4,6,7,8,10,11
assumption c 1,4,7,17,20,40
assumption x ascension:12
coronation c 2,3,4,5,6,7,8,9,13,28,29,30,42,43,44
father c 3,4,16
father x trinity:13
trinity c 1,5,6,7,8,10,12,14,16,18,25,37,60
madonna c 0,1,7,8,9,10,11,16,18,19,21,26,28,30,37
pantocrator c 0,1,2,6,8,11,14,15,21,24
shepherd c 0,1
rosary c 0,7
